1.000000238418579102e+00 8.391014933586120605e-01 8.645774126052856445e-01 8.095403909683227539e-01 7.741918563842773438e-01 8.509292602539062500e-01 8.896110057830810547e-01 8.570081591606140137e-01 7.244874238967895508e-01 6.751275062561035156e-01 6.998268365859985352e-01 6.836764812469482422e-01 7.672021389007568359e-01 7.534694075584411621e-01 7.631137967109680176e-01 8.539692163467407227e-01 7.835205793380737305e-01 8.053877949714660645e-01 7.131112217903137207e-01 7.047933936119079590e-01 7.971881628036499023e-01 8.613176345825195312e-01 8.513349890708923340e-01 8.531910777091979980e-01 8.423855900764465332e-01 8.360621333122253418e-01 8.127682805061340332e-01 8.336750268936157227e-01 8.440595865249633789e-01 7.840219140052795410e-01 7.769165039062500000e-01 8.532595634460449219e-01 8.121371865272521973e-01 8.013353943824768066e-01 8.315358757972717285e-01 8.183626532554626465e-01 8.181933164596557617e-01 8.298633694648742676e-01 8.229655027389526367e-01 7.793358564376831055e-01 8.436803817749023438e-01 8.146825432777404785e-01 7.387540340423583984e-01 7.878696918487548828e-01 7.880738973617553711e-01 8.133065700531005859e-01 7.805950641632080078e-01 8.467612266540527344e-01 8.443490266799926758e-01 8.247903585433959961e-01 7.533257603645324707e-01 8.242564201354980469e-01 7.434043884277343750e-01 8.461943864822387695e-01 8.842535018920898438e-01 8.136677145957946777e-01 7.606616020202636719e-01 8.287440538406372070e-01 7.603607773780822754e-01 8.003749251365661621e-01 8.138550519943237305e-01 7.806745171546936035e-01 7.857363820075988770e-01 7.798621654510498047e-01 8.474595546722412109e-01 7.953120470046997070e-01 7.566652894020080566e-01 6.427363157272338867e-01 5.882449150085449219e-01 6.645922660827636719e-01 6.882543563842773438e-01 6.912910938262939453e-01 6.767375469207763672e-01 6.738219261169433594e-01 7.304196357727050781e-01 7.214009761810302734e-01 7.354421615600585938e-01 7.763744592666625977e-01 7.203420400619506836e-01 6.379823088645935059e-01 6.862472891807556152e-01 6.781316399574279785e-01 8.097692728042602539e-01 7.870438098907470703e-01 8.427160978317260742e-01 8.345739841461181641e-01 8.028290271759033203e-01 7.603522539138793945e-01 7.433623075485229492e-01 8.156386613845825195e-01 8.047742843627929688e-01 8.379670977592468262e-01 8.318375349044799805e-01 8.017320632934570312e-01
8.391014933586120605e-01 1.000000000000000000e+00 9.233498573303222656e-01 8.075624108314514160e-01 7.627491950988769531e-01 8.698310852050781250e-01 8.466833829879760742e-01 8.738669157028198242e-01 7.563614845275878906e-01 7.253499031066894531e-01 7.148355841636657715e-01 6.716618537902832031e-01 8.270202875137329102e-01 7.417521476745605469e-01 7.472744584083557129e-01 7.559480667114257812e-01 7.158806324005126953e-01 7.545770406723022461e-01 7.145714759826660156e-01 6.581039428710937500e-01 7.866976261138916016e-01 8.086953163146972656e-01 8.746613264083862305e-01 8.526574373245239258e-01 8.379273414611816406e-01 8.691160678863525391e-01 8.502613306045532227e-01 8.446215391159057617e-01 8.759640455245971680e-01 8.144335746765136719e-01 7.904689311981201172e-01 8.124629259109497070e-01 8.211895823478698730e-01 7.866338491439819336e-01 8.015011548995971680e-01 7.906941175460815430e-01 7.962269783020019531e-01 7.839623093605041504e-01 8.028815984725952148e-01 7.896769642829895020e-01 8.421169519424438477e-01 8.168944120407104492e-01 7.485140562057495117e-01 7.808368206024169922e-01 7.722300291061401367e-01 8.240194320678710938e-01 7.826977968215942383e-01 8.374127149581909180e-01 8.448261022567749023e-01 8.206420540809631348e-01 7.297943234443664551e-01 7.971478104591369629e-01 7.318141460418701172e-01 8.376003503799438477e-01 8.520212173461914062e-01 8.187911510467529297e-01 8.018545508384704590e-01 9.062349796295166016e-01 8.259166479110717773e-01 8.945716023445129395e-01 8.327010273933410645e-01 8.133467435836791992e-01 8.198342919349670410e-01 7.768990993499755859e-01 8.497218489646911621e-01 7.550264596939086914e-01 7.765947580337524414e-01 6.839678883552551270e-01 6.065046787261962891e-01 7.014877796173095703e-01 7.415380477905273438e-01 7.195996046066284180e-01 6.852839589118957520e-01 7.060440778732299805e-01 7.447783350944519043e-01 7.573944330215454102e-01 7.802474498748779297e-01 7.942495346069335938e-01 7.483377456665039062e-01 6.563528776168823242e-01 7.561905384063720703e-01 7.297055125236511230e-01 8.313875198364257812e-01 7.841121554374694824e-01 8.653063774108886719e-01 8.401457071304321289e-01 8.414965867996215820e-01 7.870365381240844727e-01 7.429032325744628906e-01 8.037554025650024414e-01 8.283947706222534180e-01 8.313255906105041504e-01 8.043075799942016602e-01 7.830193042755126953e-01
8.645774126052856445e-01 9.233498573303222656e-01 1.000000000000000000e+00 8.220144510269165039e-01 7.838890552520751953e-01 8.917555212974548340e-01 8.780462741851806641e-01 8.899644613265991211e-01 7.613602876663208008e-01 7.476711273193359375e-01 7.473294734954833984e-01 7.077751755714416504e-01 8.399789333343505859e-01 7.578991651535034180e-01 7.834651470184326172e-01 7.700414657592773438e-01 7.342538833618164062e-01 7.647529840469360352e-01 7.287933826446533203e-01 6.655980348587036133e-01 7.994194030761718750e-01 8.116352558135986328e-01 8.592019081115722656e-01 8.611403703689575195e-01 8.369103670120239258e-01 8.527008295059204102e-01 8.601570129394531250e-01 8.398935198783874512e-01 8.793130517005920410e-01 8.006044030189514160e-01 7.788486480712890625e-01 7.976737618446350098e-01 8.437756299972534180e-01 8.137214183807373047e-01 8.230939507484436035e-01 8.125165700912475586e-01 8.315458297729492188e-01 8.190515041351318359e-01 8.134088516235351562e-01 8.196523189544677734e-01 8.579583168029785156e-01 8.326466083526611328e-01 7.576618194580078125e-01 7.957193851470947266e-01 7.901262640953063965e-01 8.473131060600280762e-01 8.027708530426025391e-01 8.378053903579711914e-01 8.590549826622009277e-01 8.318402767181396484e-01 7.560818195343017578e-01 8.384740948677062988e-01 7.442971467971801758e-01 8.425898551940917969e-01 8.728762865066528320e-01 8.389265537261962891e-01 7.982409596443176270e-01 9.268977642059326172e-01 8.929048776626586914e-01 8.793152570724487305e-01 8.644772768020629883e-01 8.100316524505615234e-01 8.259403705596923828e-01 7.984058260917663574e-01 8.787106275558471680e-01 7.924937009811401367e-01 8.029614686965942383e-01 6.892393827438354492e-01 6.136282086372375488e-01 7.196402549743652344e-01 7.440450191497802734e-01 7.235205769538879395e-01 6.840460896492004395e-01 7.226479053497314453e-01 7.883031368255615234e-01 7.530764341354370117e-01 8.065521717071533203e-01 8.247066736221313477e-01 7.830567955970764160e-01 6.949839591979980469e-01 7.807057499885559082e-01 7.525681853294372559e-01 8.324861526489257812e-01 7.940755486488342285e-01 8.658657073974609375e-01 8.455804586410522461e-01 8.539305925369262695e-01 7.838492989540100098e-01 7.593734860420227051e-01 8.161180615425109863e-01 8.440986275672912598e-01 8.521280884742736816e-01 8.359639644622802734e-01 8.200409412384033203e-01
8.095403909683227539e-01 8.075624108314514160e-01 8.220144510269165039e-01 1.000000357627868652e+00 7.705934047698974609e-01 8.121271133422851562e-01 7.793340086936950684e-01 8.493412137031555176e-01 6.887692213058471680e-01 6.816850900650024414e-01 6.903951168060302734e-01 6.907687187194824219e-01 7.494103908538818359e-01 7.157582044601440430e-01 7.105940580368041992e-01 7.394485473632812500e-01 7.182698249816894531e-01 7.403744459152221680e-01 6.729035377502441406e-01 6.227124333381652832e-01 7.643026709556579590e-01 7.664073705673217773e-01 8.391265869140625000e-01 8.317805528640747070e-01 8.049551248550415039e-01 8.164792656898498535e-01 7.899644374847412109e-01 7.886532545089721680e-01 8.603277206420898438e-01 7.707414627075195312e-01 7.482509016990661621e-01 7.691401839256286621e-01 7.965087890625000000e-01 8.387874364852905273e-01 8.261399269104003906e-01 7.919597625732421875e-01 8.448128700256347656e-01 7.749440670013427734e-01 8.097435235977172852e-01 7.887658476829528809e-01 8.441820144653320312e-01 8.455563187599182129e-01 7.878453135490417480e-01 8.283769488334655762e-01 7.989236116409301758e-01 8.530516624450683594e-01 8.109716773033142090e-01 8.334575295448303223e-01 8.437150716781616211e-01 8.487861156463623047e-01 7.727206945419311523e-01 8.136919736862182617e-01 7.939482927322387695e-01 8.378379940986633301e-01 8.475790023803710938e-01 7.666389942169189453e-01 7.022223472595214844e-01 7.802086472511291504e-01 7.329392433166503906e-01 8.001806735992431641e-01 7.535488605499267578e-01 7.648476362228393555e-01 8.446214795112609863e-01 7.864526510238647461e-01 8.019267320632934570e-01 7.485974431037902832e-01 7.163680791854858398e-01 6.114954352378845215e-01 5.745933055877685547e-01 6.604548096656799316e-01 7.098751068115234375e-01 6.553586721420288086e-01 6.660161018371582031e-01 6.527239084243774414e-01 7.140798568725585938e-01 7.056671380996704102e-01 7.410725355148315430e-01 7.885044813156127930e-01 7.082503437995910645e-01 6.538329124450683594e-01 6.986712813377380371e-01 6.985654830932617188e-01 7.843236923217773438e-01 7.560518980026245117e-01 8.092265129089355469e-01 7.920777797698974609e-01 7.879083156585693359e-01 7.616245746612548828e-01 7.754291296005249023e-01 7.940343022346496582e-01 8.175541162490844727e-01 8.149476051330566406e-01 8.190128803253173828e-01 8.355822563171386719e-01
7.741918563842773438e-01 7.627491950988769531e-01 7.838890552520751953e-01 7.705934047698974609e-01 1.000000238418579102e+00 8.197741508483886719e-01 7.464802861213684082e-01 8.143451213836669922e-01 6.833655834197998047e-01 6.386618614196777344e-01 6.664397716522216797e-01 7.000545263290405273e-01 7.059109210968017578e-01 7.172812819480895996e-01 6.807132363319396973e-01 7.211347818374633789e-01 7.027320861816406250e-01 7.319795489311218262e-01 6.728963851928710938e-01 6.346189975738525391e-01 7.377347946166992188e-01 7.446801662445068359e-01 7.529425621032714844e-01 7.645998001098632812e-01 7.047282457351684570e-01 7.434230446815490723e-01 7.875286340713500977e-01 7.732718586921691895e-01 7.617237567901611328e-01 7.396795153617858887e-01 7.275853157043457031e-01 7.297323942184448242e-01 7.590816020965576172e-01 7.301993966102600098e-01 7.934429049491882324e-01 7.262762784957885742e-01 7.488732337951660156e-01 7.643985748291015625e-01 7.366108298301696777e-01 7.049144506454467773e-01 7.524523735046386719e-01 7.617907524108886719e-01 6.530984640121459961e-01 7.120656967163085938e-01 6.990931034088134766e-01 7.488355636596679688e-01 7.345496416091918945e-01 7.526636123657226562e-01 7.837556600570678711e-01 7.602765560150146484e-01 6.960150003433227539e-01 7.568694949150085449e-01 6.873416900634765625e-01 7.410726547241210938e-01 8.228394985198974609e-01 7.846553325653076172e-01 6.743243932723999023e-01 7.616942524909973145e-01 7.354992628097534180e-01 7.447822093963623047e-01 7.535368204116821289e-01 7.292618751525878906e-01 7.394536137580871582e-01 9.814016819000244141e-01 7.865355014801025391e-01 7.264562845230102539e-01 6.927722692489624023e-01 6.070117950439453125e-01 6.275656819343566895e-01 6.638394594192504883e-01 6.846426725387573242e-01 6.859192848205566406e-01 6.941125392913818359e-01 6.490675210952758789e-01 7.054232358932495117e-01 6.905314326286315918e-01 7.072630524635314941e-01 7.479225993156433105e-01 7.015812397003173828e-01 6.163822412490844727e-01 6.632642149925231934e-01 6.528993844985961914e-01 7.619184255599975586e-01 7.545887231826782227e-01 7.733637094497680664e-01 7.733306884765625000e-01 7.802326679229736328e-01 7.338732481002807617e-01 6.762413978576660156e-01 7.244020700454711914e-01 7.401045560836791992e-01 7.655320763587951660e-01 7.582340240478515625e-01 7.335712909698486328e-01
8.509292602539062500e-01 8.698310852050781250e-01 8.917555212974548340e-01 8.121271133422851562e-01 8.197741508483886719e-01 1.000000119209289551e+00 8.922169208526611328e-01 9.109309911727905273e-01 7.436186075210571289e-01 7.173655033111572266e-01 7.299386858940124512e-01 6.909837722778320312e-01 7.894546985626220703e-01 7.537103891372680664e-01 7.244964838027954102e-01 7.583371400833129883e-01 7.190897464752197266e-01 7.485643029212951660e-01 7.327396869659423828e-01 6.684351563453674316e-01 7.932112216949462891e-01 7.851318120956420898e-01 8.515210747718811035e-01 8.493763208389282227e-01 8.165266513824462891e-01 8.331062197685241699e-01 8.210377693176269531e-01 8.393925428390502930e-01 8.379514217376708984e-01 7.974866628646850586e-01 7.784192562103271484e-01 7.719398736953735352e-01 8.817749619483947754e-01 8.130135536193847656e-01 8.308168053627014160e-01 8.014049530029296875e-01 8.161010742187500000e-01 8.171887397766113281e-01 8.052638769149780273e-01 7.902033329010009766e-01 8.491605520248413086e-01 8.237839341163635254e-01 7.446110844612121582e-01 7.843706607818603516e-01 7.629644870758056641e-01 8.300688266754150391e-01 8.114598989486694336e-01 8.226383924484252930e-01 8.585001230239868164e-01 8.268655538558959961e-01 7.527804970741271973e-01 8.116351366043090820e-01 7.460845112800598145e-01 8.322582244873046875e-01 9.105664491653442383e-01 8.887463808059692383e-01 7.803822159767150879e-01 8.471999168395996094e-01 7.973927259445190430e-01 8.511449098587036133e-01 8.524962663650512695e-01 7.836278080940246582e-01 7.874464988708496094e-01 8.285546302795410156e-01 8.585238456726074219e-01 7.713023424148559570e-01 7.570853233337402344e-01 6.760840415954589844e-01 6.183792948722839355e-01 6.807988882064819336e-01 7.235095500946044922e-01 6.753386259078979492e-01 6.752052307128906250e-01 7.122925519943237305e-01 7.770891189575195312e-01 7.345337867736816406e-01 7.931671142578125000e-01 8.112061023712158203e-01 7.871068120002746582e-01 6.602606773376464844e-01 7.155837416648864746e-01 7.473686933517456055e-01 8.432407379150390625e-01 7.892988920211791992e-01 8.520147800445556641e-01 8.401015996932983398e-01 8.253921270370483398e-01 7.702533006668090820e-01 7.261223196983337402e-01 7.978633046150207520e-01 8.097946643829345703e-01 8.222699165344238281e-01 8.100087046623229980e-01 8.009505271911621094e-01
8.896110057830810547e-01 8.466833829879760742e-01 8.780462741851806641e-01 7.793340086936950684e-01 7.464802861213684082e-01 8.922169208526611328e-01 9.999997019767761230e-01 8.878518342971801758e-01 6.929997205734252930e-01 7.453551292419433594e-01 7.470080852508544922e-01 7.226375341415405273e-01 8.012475967407226562e-01 7.714333534240722656e-01 7.800451517105102539e-01 8.236443400382995605e-01 7.846597433090209961e-01 8.207604885101318359e-01 7.489464282989501953e-01 7.580472230911254883e-01 8.159924149513244629e-01 8.555808663368225098e-01 8.517309427261352539e-01 8.327503204345703125e-01 8.092216253280639648e-01 8.330534696578979492e-01 8.030135035514831543e-01 8.212959766387939453e-01 8.317475318908691406e-01 7.807765007019042969e-01 7.774137258529663086e-01 8.326317071914672852e-01 8.746310472488403320e-01 8.415936231613159180e-01 8.303658962249755859e-01 8.296709060668945312e-01 8.229452371597290039e-01 8.215790390968322754e-01 8.309302926063537598e-01 8.216199874877929688e-01 8.722734451293945312e-01 8.599116802215576172e-01 7.920395135879516602e-01 8.015611171722412109e-01 7.742735147476196289e-01 8.273783922195434570e-01 8.128252029418945312e-01 8.372418880462646484e-01 8.446770310401916504e-01 8.341745734214782715e-01 7.635371685028076172e-01 7.948323488235473633e-01 7.479665279388427734e-01 8.182029724121093750e-01 8.277152776718139648e-01 8.751696348190307617e-01 7.632285952568054199e-01 8.182950019836425781e-01 8.186711072921752930e-01 8.598251342773437500e-01 8.454107642173767090e-01 7.855094671249389648e-01 7.583940029144287109e-01 7.593604326248168945e-01 8.435949087142944336e-01 8.048771023750305176e-01 7.904872298240661621e-01 7.289311885833740234e-01 6.208581924438476562e-01 6.954159736633300781e-01 7.200055122375488281e-01 7.043375968933105469e-01 6.743569374084472656e-01 7.278665304183959961e-01 7.319045066833496094e-01 6.937119364738464355e-01 7.589120864868164062e-01 7.996398210525512695e-01 7.718206048011779785e-01 7.000803351402282715e-01 7.228029966354370117e-01 7.397772669792175293e-01 8.384754061698913574e-01 7.877712249755859375e-01 8.260575532913208008e-01 8.207722902297973633e-01 8.009322881698608398e-01 7.496871948242187500e-01 7.357054352760314941e-01 8.091049790382385254e-01 8.266901969909667969e-01 8.400781154632568359e-01 8.228096961975097656e-01 7.973095774650573730e-01
8.570081591606140137e-01 8.738669157028198242e-01 8.899644613265991211e-01 8.493412137031555176e-01 8.143451213836669922e-01 9.109309911727905273e-01 8.878518342971801758e-01 1.000000119209289551e+00 7.411750555038452148e-01 7.621821165084838867e-01 7.519245147705078125e-01 7.590340375900268555e-01 8.328853845596313477e-01 7.821861505508422852e-01 7.836970090866088867e-01 7.944126725196838379e-01 7.770117521286010742e-01 8.130370378494262695e-01 7.643952369689941406e-01 7.057022452354431152e-01 8.468054533004760742e-01 8.252087831497192383e-01 9.213175773620605469e-01 8.988245725631713867e-01 8.587267398834228516e-01 8.802433013916015625e-01 8.519028425216674805e-01 8.690435886383056641e-01 8.992357254028320312e-01 8.596239089965820312e-01 8.267980813980102539e-01 8.282005786895751953e-01 8.952755928039550781e-01 8.744813203811645508e-01 8.814465999603271484e-01 8.365980386734008789e-01 8.531326055526733398e-01 8.377655744552612305e-01 8.587204217910766602e-01 8.279274702072143555e-01 8.881630897521972656e-01 8.994587659835815430e-01 8.034502267837524414e-01 8.296624422073364258e-01 8.042043447494506836e-01 8.656585216522216797e-01 8.450481295585632324e-01 8.567949533462524414e-01 8.924800157546997070e-01 8.579516410827636719e-01 7.703423500061035156e-01 8.316211700439453125e-01 7.701644301414489746e-01 8.643552064895629883e-01 8.797429203987121582e-01 8.851206302642822266e-01 7.959014177322387695e-01 8.442505002021789551e-01 8.227735757827758789e-01 8.721129894256591797e-01 8.545402288436889648e-01 8.569127917289733887e-01 8.277933597564697266e-01 8.328769803047180176e-01 8.704657554626464844e-01 8.090195059776306152e-01 8.061957359313964844e-01 7.157155275344848633e-01 6.286357641220092773e-01 7.345327138900756836e-01 7.657524347305297852e-01 7.277480363845825195e-01 7.097936272621154785e-01 7.699737548828125000e-01 7.644948959350585938e-01 7.495250701904296875e-01 8.136260509490966797e-01 8.374452590942382812e-01 7.962767481803894043e-01 7.090691328048706055e-01 7.497793436050415039e-01 7.628821134567260742e-01 8.994525671005249023e-01 8.335431814193725586e-01 8.854612112045288086e-01 8.693138360977172852e-01 8.574169874191284180e-01 8.234840631484985352e-01 7.507003545761108398e-01 8.436550498008728027e-01 8.800954818725585938e-01 8.603177070617675781e-01 8.421451449394226074e-01 8.322255611419677734e-01
7.244874238967895508e-01 7.563614845275878906e-01 7.613602876663208008e-01 6.887692213058471680e-01 6.833655834197998047e-01 7.436186075210571289e-01 6.929997205734252930e-01 7.411750555038452148e-01 9.999996423721313477e-01 7.203646898269653320e-01 7.056084871292114258e-01 6.299117803573608398e-01 7.463818788528442383e-01 6.863862276077270508e-01 6.721131801605224609e-01 6.825199723243713379e-01 6.318771243095397949e-01 6.570013761520385742e-01 6.615555286407470703e-01 5.680629014968872070e-01 6.930969953536987305e-01 6.899167895317077637e-01 7.558205127716064453e-01 7.397352457046508789e-01 7.565413713455200195e-01 7.338458299636840820e-01 7.033615708351135254e-01 7.158526778221130371e-01 7.346694469451904297e-01 6.784819364547729492e-01 6.599283814430236816e-01 6.564466357231140137e-01 6.767507195472717285e-01 6.531127691268920898e-01 7.165637016296386719e-01 6.911493539810180664e-01 6.684240698814392090e-01 6.667904853820800781e-01 6.720001697540283203e-01 6.686468124389648438e-01 7.012364864349365234e-01 6.787465810775756836e-01 6.102547645568847656e-01 6.627922654151916504e-01 6.724515557289123535e-01 6.875513792037963867e-01 6.490364074707031250e-01 7.171382308006286621e-01 7.119265794754028320e-01 6.852796077728271484e-01 6.124053001403808594e-01 7.171387076377868652e-01 6.087533235549926758e-01 6.977304816246032715e-01 7.475832104682922363e-01 7.069406509399414062e-01 7.176314592361450195e-01 7.904009819030761719e-01 6.522997021675109863e-01 7.121333479881286621e-01 7.258305549621582031e-01 6.872497200965881348e-01 7.094444036483764648e-01 6.822862625122070312e-01 7.545279264450073242e-01 6.451071500778198242e-01 6.922901868820190430e-01 5.791789889335632324e-01 6.466238498687744141e-01 6.141284704208374023e-01 6.373710036277770996e-01 6.359803676605224609e-01 6.549834012985229492e-01 6.148896217346191406e-01 8.803379535675048828e-01 9.457010030746459961e-01 7.996295094490051270e-01 7.657120227813720703e-01 7.506040334701538086e-01 7.098110914230346680e-01 7.538452148437500000e-01 8.363550901412963867e-01 7.254388332366943359e-01 6.877582669258117676e-01 7.154361009597778320e-01 7.099881768226623535e-01 7.026010751724243164e-01 6.631699204444885254e-01 6.660022735595703125e-01 6.834033727645874023e-01 6.971250772476196289e-01 7.060642242431640625e-01 6.944717764854431152e-01 6.553984880447387695e-01
6.751275062561035156e-01 7.253499031066894531e-01 7.476711273193359375e-01 6.816850900650024414e-01 6.386618614196777344e-01 7.173655033111572266e-01 7.453551292419433594e-01 7.621821165084838867e-01 7.203646898269653320e-01 9.999999403953552246e-01 8.218439817428588867e-01 7.527002096176147461e-01 8.244305253028869629e-01 7.720389366149902344e-01 7.126265764236450195e-01 7.725596427917480469e-01 7.568204402923583984e-01 7.788779735565185547e-01 7.974604368209838867e-01 7.296908497810363770e-01 7.667784690856933594e-01 7.660623788833618164e-01 7.419478893280029297e-01 6.948800086975097656e-01 7.114002108573913574e-01 6.831419467926025391e-01 6.856236457824707031e-01 7.151593565940856934e-01 7.235834598541259766e-01 7.142838835716247559e-01 6.937389969825744629e-01 7.054743766784667969e-01 7.631738781929016113e-01 7.059710025787353516e-01 7.447938323020935059e-01 6.925815343856811523e-01 6.876186132431030273e-01 6.796694993972778320e-01 7.108955383300781250e-01 6.849994659423828125e-01 7.069687843322753906e-01 7.402247190475463867e-01 6.583944559097290039e-01 6.751387119293212891e-01 6.717063188552856445e-01 6.827538013458251953e-01 6.821787357330322266e-01 7.024744749069213867e-01 7.082806825637817383e-01 6.955832242965698242e-01 6.576244831085205078e-01 6.740309000015258789e-01 6.266609430313110352e-01 6.824127435684204102e-01 6.615539789199829102e-01 7.250136137008666992e-01 6.499233245849609375e-01 6.872857809066772461e-01 7.764847874641418457e-01 7.544041872024536133e-01 6.992417573928833008e-01 7.596538662910461426e-01 7.057353258132934570e-01 6.583375334739685059e-01 7.397606968879699707e-01 7.457872629165649414e-01 8.450248241424560547e-01 7.815829515457153320e-01 6.623035669326782227e-01 7.660222053527832031e-01 6.927250623703002930e-01 7.647808790206909180e-01 7.126371264457702637e-01 6.735296249389648438e-01 7.974314689636230469e-01 6.967312097549438477e-01 8.672580718994140625e-01 8.528659343719482422e-01 8.473701477050781250e-01 8.250671029090881348e-01 8.816673755645751953e-01 8.077518343925476074e-01 7.694461345672607422e-01 7.588974237442016602e-01 7.096505165100097656e-01 7.101312875747680664e-01 6.856050491333007812e-01 6.858136653900146484e-01 6.601933836936950684e-01 6.883537769317626953e-01 7.472290396690368652e-01 7.061095833778381348e-01 7.065622210502624512e-01 6.648402214050292969e-01
6.998268365859985352e-01 7.148355841636657715e-01 7.473294734954833984e-01 6.903951168060302734e-01 6.664397716522216797e-01 7.299386858940124512e-01 7.470080852508544922e-01 7.519245147705078125e-01 7.056084871292114258e-01 8.218439817428588867e-01 1.000000119209289551e+00 7.582904100418090820e-01 8.874220252037048340e-01 7.429612874984741211e-01 7.395619153976440430e-01 7.684019804000854492e-01 7.594562768936157227e-01 7.601711750030517578e-01 7.724970579147338867e-01 7.034093141555786133e-01 7.807931900024414062e-01 7.816229462623596191e-01 7.475043535232543945e-01 7.178345918655395508e-01 7.090564966201782227e-01 7.137738466262817383e-01 7.139666080474853516e-01 7.285423278808593750e-01 7.393741607666015625e-01 7.194520831108093262e-01 7.188620567321777344e-01 7.293419241905212402e-01 7.684988975524902344e-01 7.430042028427124023e-01 7.572702169418334961e-01 7.273167371749877930e-01 7.549754381179809570e-01 7.229591608047485352e-01 7.327322363853454590e-01 7.073817849159240723e-01 7.482955455780029297e-01 7.742506265640258789e-01 6.982616782188415527e-01 7.134187817573547363e-01 6.983413100242614746e-01 7.446042299270629883e-01 7.082043886184692383e-01 7.248167991638183594e-01 7.037165164947509766e-01 7.129576802253723145e-01 6.731245517730712891e-01 6.948541402816772461e-01 6.430752873420715332e-01 6.928390264511108398e-01 6.996635794639587402e-01 7.219033241271972656e-01 6.389289498329162598e-01 6.896163225173950195e-01 7.317140102386474609e-01 7.757660150527954102e-01 7.176305055618286133e-01 7.157434821128845215e-01 6.892247200012207031e-01 6.780995130538940430e-01 7.441122531890869141e-01 7.936813235282897949e-01 7.858409881591796875e-01 7.090269923210144043e-01 6.049036979675292969e-01 6.993506550788879395e-01 6.896057128906250000e-01 6.815737485885620117e-01 6.201304197311401367e-01 6.600995063781738281e-01 8.182534575462341309e-01 7.093670368194580078e-01 8.499072194099426270e-01 8.611463308334350586e-01 9.041585922241210938e-01 8.571822643280029297e-01 8.086280822753906250e-01 8.514595627784729004e-01 7.677086591720581055e-01 7.312923073768615723e-01 7.229372859001159668e-01 7.138810157775878906e-01 6.992353200912475586e-01 6.705206632614135742e-01 6.437416076660156250e-01 6.864985823631286621e-01 7.302433848381042480e-01 7.121428251266479492e-01 7.109490633010864258e-01 7.432750463485717773e-01
6.836764812469482422e-01 6.716618537902832031e-01 7.077751755714416504e-01 6.907687187194824219e-01 7.000545263290405273e-01 6.909837722778320312e-01 7.226375341415405273e-01 7.590340375900268555e-01 6.299117803573608398e-01 7.527002096176147461e-01 7.582904100418090820e-01 1.000000238418579102e+00 7.470663189888000488e-01 7.047644853591918945e-01 6.925188302993774414e-01 7.117103338241577148e-01 7.578513026237487793e-01 7.582573890686035156e-01 7.425515055656433105e-01 6.667478084564208984e-01 7.482550144195556641e-01 7.343001365661621094e-01 7.249084115028381348e-01 6.948519349098205566e-01 6.912671923637390137e-01 6.986166238784790039e-01 6.951231956481933594e-01 7.175065875053405762e-01 7.452371716499328613e-01 6.912102699279785156e-01 6.792809367179870605e-01 6.937943696975708008e-01 7.470355033874511719e-01 7.327239513397216797e-01 7.935429811477661133e-01 7.031137943267822266e-01 7.129477858543395996e-01 7.158370614051818848e-01 7.267897129058837891e-01 6.923140287399291992e-01 7.342330217361450195e-01 7.627484798431396484e-01 6.765288114547729492e-01 7.140396833419799805e-01 7.342661619186401367e-01 7.083566188812255859e-01 7.245103120803833008e-01 7.083221673965454102e-01 7.157669067382812500e-01 7.023699283599853516e-01 6.401662230491638184e-01 6.923136711120605469e-01 6.687803268432617188e-01 6.650536060333251953e-01 6.713602542877197266e-01 7.459218502044677734e-01 6.281116008758544922e-01 6.579717397689819336e-01 7.270956039428710938e-01 7.311024665832519531e-01 7.106893658638000488e-01 6.970670223236083984e-01 6.922330856323242188e-01 7.271205186843872070e-01 7.278713583946228027e-01 7.079373002052307129e-01 7.248460054397583008e-01 6.527333259582519531e-01 6.157900094985961914e-01 7.113577127456665039e-01 7.317193746566772461e-01 7.094675302505493164e-01 7.417389154434204102e-01 6.637346744537353516e-01 7.445166110992431641e-01 6.343498229980468750e-01 7.421876192092895508e-01 7.964929342269897461e-01 7.922912240028381348e-01 7.042115926742553711e-01 7.234707474708557129e-01 7.394023537635803223e-01 7.444995641708374023e-01 7.321423888206481934e-01 7.104586958885192871e-01 7.159401178359985352e-01 6.817729473114013672e-01 6.888977289199829102e-01 7.110527753829956055e-01 7.259975075721740723e-01 7.697059512138366699e-01 7.149316072463989258e-01 6.941274404525756836e-01 6.809167861938476562e-01
7.672021389007568359e-01 8.270202875137329102e-01 8.399789333343505859e-01 7.494103908538818359e-01 7.059109210968017578e-01 7.894546985626220703e-01 8.012475967407226562e-01 8.328853845596313477e-01 7.463818788528442383e-01 8.244305253028869629e-01 8.874220252037048340e-01 7.470663189888000488e-01 9.999999403953552246e-01 7.487694025039672852e-01 7.609018087387084961e-01 7.580496668815612793e-01 7.675303220748901367e-01 7.793464660644531250e-01 7.552472352981567383e-01 6.945205926895141602e-01 7.906532287597656250e-01 8.122363090515136719e-01 8.211625814437866211e-01 7.793190479278564453e-01 7.708115577697753906e-01 7.894269824028015137e-01 8.124568462371826172e-01 7.975249886512756348e-01 8.107066154479980469e-01 7.882645130157470703e-01 7.645446062088012695e-01 7.956000566482543945e-01 7.927246689796447754e-01 7.607598304748535156e-01 7.978062629699707031e-01 7.517027854919433594e-01 7.751429080963134766e-01 7.668848633766174316e-01 7.848211526870727539e-01 7.442176342010498047e-01 7.969136238098144531e-01 7.973685264587402344e-01 7.175997495651245117e-01 7.420511841773986816e-01 7.403504252433776855e-01 7.684634923934936523e-01 7.264639139175415039e-01 7.650046348571777344e-01 7.748023271560668945e-01 7.540158033370971680e-01 7.200731039047241211e-01 7.572507858276367188e-01 6.878231763839721680e-01 7.728399038314819336e-01 7.525084614753723145e-01 7.572252750396728516e-01 7.029402256011962891e-01 7.714271545410156250e-01 8.124935626983642578e-01 8.075851202011108398e-01 7.660282254219055176e-01 7.977104187011718750e-01 7.694497108459472656e-01 7.336485981941223145e-01 7.771116495132446289e-01 7.997983694076538086e-01 7.998579740524291992e-01 7.235525846481323242e-01 6.091085672378540039e-01 7.289291620254516602e-01 7.216364145278930664e-01 7.275037765502929688e-01 6.495649814605712891e-01 7.036744952201843262e-01 8.083976507186889648e-01 7.637230157852172852e-01 8.479740619659423828e-01 8.763597011566162109e-01 8.724179267883300781e-01 8.431405425071716309e-01 8.730568289756774902e-01 8.069419860839843750e-01 8.075339794158935547e-01 7.712875604629516602e-01 8.015557527542114258e-01 7.889310717582702637e-01 7.915410995483398438e-01 7.638549208641052246e-01 6.908349394798278809e-01 7.491608858108520508e-01 7.988455891609191895e-01 7.561998367309570312e-01 7.492390871047973633e-01 7.675897479057312012e-01
7.534694075584411621e-01 7.417521476745605469e-01 7.578991651535034180e-01 7.157582044601440430e-01 7.172812819480895996e-01 7.537103891372680664e-01 7.714333534240722656e-01 7.821861505508422852e-01 6.863862276077270508e-01 7.720389366149902344e-01 7.429612874984741211e-01 7.047644853591918945e-01 7.487694025039672852e-01 1.000000000000000000e+00 8.307493925094604492e-01 8.252664208412170410e-01 8.258501887321472168e-01 8.467822074890136719e-01 8.274105787277221680e-01 7.660460472106933594e-01 8.972005844116210938e-01 8.535990715026855469e-01 7.903176546096801758e-01 7.685477137565612793e-01 7.798035144805908203e-01 7.638306617736816406e-01 7.235386371612548828e-01 7.491522431373596191e-01 7.692005038261413574e-01 7.363293170928955078e-01 7.485383152961730957e-01 7.443848848342895508e-01 7.983588576316833496e-01 7.698444128036499023e-01 7.865241765975952148e-01 7.953214645385742188e-01 7.731772661209106445e-01 7.365030050277709961e-01 7.298637628555297852e-01 7.618644237518310547e-01 7.849442958831787109e-01 8.152250051498413086e-01 7.257925271987915039e-01 7.466170787811279297e-01 7.220372557640075684e-01 7.698089480400085449e-01 7.333825826644897461e-01 7.915113568305969238e-01 7.667206525802612305e-01 7.699776887893676758e-01 7.074849605560302734e-01 7.549461126327514648e-01 7.095363140106201172e-01 7.232411503791809082e-01 7.643269300460815430e-01 7.447129487991333008e-01 6.967793703079223633e-01 6.906517744064331055e-01 7.519472837448120117e-01 7.645161151885986328e-01 7.110066413879394531e-01 7.658368349075317383e-01 7.219021320343017578e-01 7.267750501632690430e-01 8.446485996246337891e-01 8.726199865341186523e-01 8.017324805259704590e-01 7.474485039710998535e-01 6.562123894691467285e-01 8.204293251037597656e-01 7.203944325447082520e-01 8.063617348670959473e-01 7.786478996276855469e-01 6.729199290275573730e-01 6.937034726142883301e-01 6.434670686721801758e-01 7.557537555694580078e-01 7.522245645523071289e-01 7.637574672698974609e-01 6.949839591979980469e-01 7.405002117156982422e-01 7.060375213623046875e-01 7.997988462448120117e-01 8.362556695938110352e-01 7.458363175392150879e-01 7.439339756965637207e-01 7.186244130134582520e-01 6.950958371162414551e-01 6.941334605216979980e-01 7.424908876419067383e-01 7.622089982032775879e-01 7.605780959129333496e-01 7.860476970672607422e-01 7.559413909912109375e-01
7.631137967109680176e-01 7.472744584083557129e-01 7.834651470184326172e-01 7.105940580368041992e-01 6.807132363319396973e-01 7.244964838027954102e-01 7.800451517105102539e-01 7.836970090866088867e-01 6.721131801605224609e-01 7.126265764236450195e-01 7.395619153976440430e-01 6.925188302993774414e-01 7.609018087387084961e-01 8.307493925094604492e-01 9.999998807907104492e-01 8.035153150558471680e-01 8.054855465888977051e-01 8.294416666030883789e-01 7.652940750122070312e-01 7.107692360877990723e-01 8.642990589141845703e-01 8.453050851821899414e-01 7.738448977470397949e-01 7.706723213195800781e-01 7.652884125709533691e-01 7.631427049636840820e-01 7.449385523796081543e-01 7.566373348236083984e-01 7.805492877960205078e-01 7.294261455535888672e-01 7.266854643821716309e-01 7.504574060440063477e-01 7.873872518539428711e-01 7.650445699691772461e-01 7.643831968307495117e-01 7.558142542839050293e-01 7.675905227661132812e-01 7.645029425621032715e-01 7.705562114715576172e-01 7.602450847625732422e-01 7.692717313766479492e-01 7.939690351486206055e-01 7.490349411964416504e-01 7.369488477706909180e-01 7.255388498306274414e-01 7.744635939598083496e-01 7.512390613555908203e-01 7.725253105163574219e-01 7.571836709976196289e-01 7.613408565521240234e-01 7.385389804840087891e-01 7.502472400665283203e-01 7.016817331314086914e-01 7.243456840515136719e-01 7.507452964782714844e-01 7.865598201751708984e-01 7.308751344680786133e-01 7.646892666816711426e-01 7.725988626480102539e-01 8.136861920356750488e-01 8.036724925041198730e-01 7.342072725296020508e-01 6.968719959259033203e-01 6.907643079757690430e-01 8.511778116226196289e-01 8.857913613319396973e-01 7.861856222152709961e-01 6.721205711364746094e-01 6.003201603889465332e-01 7.785223722457885742e-01 7.051715254783630371e-01 7.585752606391906738e-01 7.310808300971984863e-01 7.011992931365966797e-01 6.912566423416137695e-01 6.607335209846496582e-01 7.088256478309631348e-01 7.319530844688415527e-01 7.120023369789123535e-01 6.724685430526733398e-01 7.239047288894653320e-01 6.952065825462341309e-01 7.716320753097534180e-01 7.816314101219177246e-01 7.558567523956298828e-01 7.537230253219604492e-01 7.352606058120727539e-01 6.887091398239135742e-01 7.206099033355712891e-01 7.343946695327758789e-01 7.741284370422363281e-01 7.953135371208190918e-01 7.878873348236083984e-01 7.613759040832519531e-01
8.539692163467407227e-01 7.559480667114257812e-01 7.700414657592773438e-01 7.394485473632812500e-01 7.211347818374633789e-01 7.583371400833129883e-01 8.236443400382995605e-01 7.944126725196838379e-01 6.825199723243713379e-01 7.725596427917480469e-01 7.684019804000854492e-01 7.117103338241577148e-01 7.580496668815612793e-01 8.252664208412170410e-01 8.035153150558471680e-01 1.000000000000000000e+00 8.763594627380371094e-01 8.963230848312377930e-01 8.564657568931579590e-01 8.179348111152648926e-01 8.553874492645263672e-01 9.244575500488281250e-01 7.884963750839233398e-01 7.707482576370239258e-01 7.595788240432739258e-01 7.526565790176391602e-01 7.252262830734252930e-01 7.784079313278198242e-01 7.769801020622253418e-01 7.423428297042846680e-01 7.433038949966430664e-01 8.288027644157409668e-01 7.800506353378295898e-01 7.661074995994567871e-01 8.174386024475097656e-01 7.795026302337646484e-01 7.560675144195556641e-01 7.842214107513427734e-01 7.576105594635009766e-01 7.223268747329711914e-01 7.804456949234008789e-01 7.933228015899658203e-01 7.086179256439208984e-01 7.331741452217102051e-01 7.138770818710327148e-01 7.430558800697326660e-01 7.544433474540710449e-01 7.741241455078125000e-01 7.481028437614440918e-01 7.589112520217895508e-01 7.124580144882202148e-01 7.411409020423889160e-01 7.063877582550048828e-01 7.447302341461181641e-01 7.788397073745727539e-01 7.554777860641479492e-01 6.845076680183410645e-01 7.102661728858947754e-01 7.593285441398620605e-01 7.634372115135192871e-01 7.423785924911499023e-01 7.548207640647888184e-01 7.314869165420532227e-01 7.235882282257080078e-01 8.309670090675354004e-01 8.561012148857116699e-01 8.843694925308227539e-01 7.404184341430664062e-01 6.257408857345581055e-01 7.895609140396118164e-01 7.132147550582885742e-01 7.722808122634887695e-01 7.048798799514770508e-01 6.626340150833129883e-01 7.197815775871276855e-01 6.630240678787231445e-01 7.487212419509887695e-01 7.847260832786560059e-01 7.608820796012878418e-01 7.036272883415222168e-01 7.337620258331298828e-01 7.223914265632629395e-01 8.039205074310302734e-01 8.461310863494873047e-01 7.697353959083557129e-01 7.614434957504272461e-01 7.170475721359252930e-01 7.092272043228149414e-01 6.976360082626342773e-01 7.380624413490295410e-01 7.798991799354553223e-01 7.610992789268493652e-01 7.715646028518676758e-01 7.430247068405151367e-01
7.835205793380737305e-01 7.158806324005126953e-01 7.342538833618164062e-01 7.182698249816894531e-01 7.027320861816406250e-01 7.190897464752197266e-01 7.846597433090209961e-01 7.770117521286010742e-01 6.318771243095397949e-01 7.568204402923583984e-01 7.594562768936157227e-01 7.578513026237487793e-01 7.675303220748901367e-01 8.258501887321472168e-01 8.054855465888977051e-01 8.763594627380371094e-01 9.999995231628417969e-01 9.517747759819030762e-01 8.691869974136352539e-01 8.390148282051086426e-01 8.574712872505187988e-01 9.242414832115173340e-01 7.751694321632385254e-01 7.349848151206970215e-01 7.258380651473999023e-01 7.340804934501647949e-01 7.161202430725097656e-01 7.585755586624145508e-01 7.668352127075195312e-01 7.373741269111633301e-01 7.239089608192443848e-01 8.181781172752380371e-01 7.736935615539550781e-01 7.706485986709594727e-01 8.178884983062744141e-01 7.537442445755004883e-01 7.444434165954589844e-01 7.694314718246459961e-01 7.698590755462646484e-01 7.340123653411865234e-01 7.662848234176635742e-01 7.868648767471313477e-01 7.174241542816162109e-01 7.293429374694824219e-01 7.147407531738281250e-01 7.430410385131835938e-01 7.309960126876831055e-01 7.546160221099853516e-01 7.300982475280761719e-01 7.341495156288146973e-01 7.193995118141174316e-01 7.259204983711242676e-01 7.153387665748596191e-01 7.242317199707031250e-01 7.188725471496582031e-01 7.274678945541381836e-01 6.702473163604736328e-01 6.712208986282348633e-01 7.719556093215942383e-01 7.498248815536499023e-01 7.311800718307495117e-01 7.431855201721191406e-01 7.073738574981689453e-01 7.121587991714477539e-01 7.899627685546875000e-01 8.606377840042114258e-01 7.938771843910217285e-01 7.263752222061157227e-01 6.130831241607666016e-01 8.235369920730590820e-01 7.288823127746582031e-01 7.816374301910400391e-01 7.587193250656127930e-01 6.732962131500244141e-01 6.907179951667785645e-01 6.009541749954223633e-01 7.282706499099731445e-01 7.548435926437377930e-01 7.535887956619262695e-01 6.988981962203979492e-01 7.404524087905883789e-01 6.940057277679443359e-01 8.007122874259948730e-01 8.250161409378051758e-01 7.568596601486206055e-01 7.495868206024169922e-01 7.099582552909851074e-01 7.102094888687133789e-01 6.792058944702148438e-01 7.255147695541381836e-01 7.732633352279663086e-01 7.294899225234985352e-01 7.513318657875061035e-01 7.361387014389038086e-01
