1.000000000000000000e+00 8.197081685066223145e-01 9.027976989746093750e-01 6.754202842712402344e-01 6.669594049453735352e-01 7.169364690780639648e-01 7.746320962905883789e-01 7.506656646728515625e-01 8.497867584228515625e-01 7.894756197929382324e-01 7.563688158988952637e-01 8.102344274520874023e-01 7.353887557983398438e-01 7.253011465072631836e-01 5.556975603103637695e-01 7.440226078033447266e-01 6.954975128173828125e-01 7.963959574699401855e-01 6.904265880584716797e-01 7.460824847221374512e-01 7.466645240783691406e-01 6.951246261596679688e-01 6.987665891647338867e-01 7.400976419448852539e-01 7.583318948745727539e-01 6.318851709365844727e-01 7.771766185760498047e-01 7.751269936561584473e-01 7.859352231025695801e-01 8.302997350692749023e-01 8.017641305923461914e-01 8.061650991439819336e-01 7.909197807312011719e-01 8.291109800338745117e-01 7.662742733955383301e-01 6.875113248825073242e-01 7.685673832893371582e-01 7.502363920211791992e-01 7.944065332412719727e-01 7.272864580154418945e-01 7.721420526504516602e-01 7.146639823913574219e-01 8.275671005249023438e-01 6.654124855995178223e-01 7.874683141708374023e-01 6.514070034027099609e-01 6.902647018432617188e-01 7.975344657897949219e-01 7.936068773269653320e-01 7.933182120323181152e-01 7.299567461013793945e-01 7.597935795783996582e-01 7.529432773590087891e-01 7.186297178268432617e-01 7.466111183166503906e-01 6.382631659507751465e-01 7.432951927185058594e-01 7.415933609008789062e-01 6.649176478385925293e-01 7.258278131484985352e-01 7.143305540084838867e-01 7.511613368988037109e-01 7.784664630889892578e-01 6.977661848068237305e-01 7.652502655982971191e-01 7.269321680068969727e-01 7.497893571853637695e-01 7.291609048843383789e-01 6.643301248550415039e-01 7.742360830307006836e-01 7.739872932434082031e-01 8.319289088249206543e-01 8.452114462852478027e-01 8.338807821273803711e-01 7.692925930023193359e-01 7.513358592987060547e-01 8.070160746574401855e-01 7.373067736625671387e-01 7.199438810348510742e-01 6.826937198638916016e-01 7.433998584747314453e-01 7.717289924621582031e-01 5.711846947669982910e-01 7.398165464401245117e-01 7.035354375839233398e-01 6.821671724319458008e-01 6.416288614273071289e-01 6.942185163497924805e-01 7.184083461761474609e-01 7.154626846313476562e-01 6.862978935241699219e-01 6.132032871246337891e-01 6.076033115386962891e-01 6.923170089721679688e-01 6.460707187652587891e-01 7.285954952239990234e-01 7.747596502304077148e-01 7.125668525695800781e-01 7.644927501678466797e-01 7.702646255493164062e-01 7.711699604988098145e-01 6.747401952743530273e-01 7.590811252593994141e-01 6.885466575622558594e-01 7.965734601020812988e-01 8.028800487518310547e-01 7.892948985099792480e-01 7.496454715728759766e-01 7.539786100387573242e-01 7.404443621635437012e-01 7.576302289962768555e-01 7.533056139945983887e-01
8.197081685066223145e-01 9.999997615814208984e-01 7.970629930496215820e-01 7.856451272964477539e-01 7.009476423263549805e-01 7.660405039787292480e-01 8.620017766952514648e-01 7.136602401733398438e-01 8.627214431762695312e-01 8.332232832908630371e-01 7.443777322769165039e-01 8.257598876953125000e-01 7.618600130081176758e-01 7.728208303451538086e-01 5.923317670822143555e-01 7.667475938796997070e-01 7.279380559921264648e-01 7.894934415817260742e-01 7.444605827331542969e-01 7.400305271148681641e-01 7.964987754821777344e-01 7.799220085144042969e-01 7.701721191406250000e-01 7.876750230789184570e-01 8.358973860740661621e-01 6.562468409538269043e-01 7.527790665626525879e-01 8.724360466003417969e-01 8.195346593856811523e-01 8.259916901588439941e-01 7.980730533599853516e-01 8.699085712432861328e-01 8.509153127670288086e-01 8.303454518318176270e-01 7.732025384902954102e-01 7.338942885398864746e-01 7.873961329460144043e-01 7.493797540664672852e-01 7.915561199188232422e-01 7.262821197509765625e-01 7.738775610923767090e-01 7.470303177833557129e-01 8.406002521514892578e-01 7.249450683593750000e-01 8.023986220359802246e-01 7.210364341735839844e-01 7.406356334686279297e-01 7.805936336517333984e-01 8.720879554748535156e-01 8.331367969512939453e-01 7.593907117843627930e-01 7.942973971366882324e-01 8.536158800125122070e-01 7.758667469024658203e-01 7.558178901672363281e-01 7.159882783889770508e-01 8.139244318008422852e-01 8.373394012451171875e-01 7.454841136932373047e-01 7.926111817359924316e-01 7.902820110321044922e-01 8.577848672866821289e-01 8.387739658355712891e-01 7.842684984207153320e-01 8.146227598190307617e-01 8.262957930564880371e-01 8.169932961463928223e-01 7.789193391799926758e-01 7.519544959068298340e-01 8.398723602294921875e-01 8.355386853218078613e-01 7.699971199035644531e-01 8.008115291595458984e-01 8.555198907852172852e-01 8.400660753250122070e-01 8.095829486846923828e-01 8.521021604537963867e-01 8.248096704483032227e-01 7.421845197677612305e-01 7.680511474609375000e-01 7.914142608642578125e-01 7.877980470657348633e-01 6.055673956871032715e-01 7.391763925552368164e-01 7.171851396560668945e-01 7.103609442710876465e-01 6.631073951721191406e-01 7.852600812911987305e-01 7.714321613311767578e-01 7.449402213096618652e-01 7.530527114868164062e-01 6.807206869125366211e-01 6.663428544998168945e-01 7.262011170387268066e-01 7.225332260131835938e-01 7.832608222961425781e-01 7.911490797996520996e-01 7.404612302780151367e-01 8.147690892219543457e-01 8.222336769104003906e-01 8.400390744209289551e-01 7.162215709686279297e-01 8.029925227165222168e-01 7.254723310470581055e-01 8.312674760818481445e-01 7.940310239791870117e-01 7.990415096282958984e-01 7.581728100776672363e-01 8.245278596878051758e-01 8.315652608871459961e-01 8.423782587051391602e-01 8.742285966873168945e-01
9.027976989746093750e-01 7.970629930496215820e-01 9.999999403953552246e-01 6.553072929382324219e-01 7.092347741127014160e-01 7.450785636901855469e-01 7.542247772216796875e-01 8.038774728775024414e-01 8.293861150741577148e-01 7.408654689788818359e-01 7.084444761276245117e-01 7.502279281616210938e-01 7.180342674255371094e-01 7.090200185775756836e-01 5.357793569564819336e-01 6.902471184730529785e-01 7.030304670333862305e-01 7.499176263809204102e-01 6.749042272567749023e-01 7.405229210853576660e-01 7.636547088623046875e-01 6.913430690765380859e-01 6.909959316253662109e-01 7.138776779174804688e-01 7.512345314025878906e-01 5.765687227249145508e-01 7.774212360382080078e-01 7.744346857070922852e-01 7.991404533386230469e-01 8.021100163459777832e-01 7.964665889739990234e-01 7.962477207183837891e-01 7.524469494819641113e-01 7.852349877357482910e-01 7.149692773818969727e-01 6.613723039627075195e-01 7.320097684860229492e-01 7.048519849777221680e-01 7.353305220603942871e-01 6.772860288619995117e-01 7.288145422935485840e-01 6.546943187713623047e-01 7.791318893432617188e-01 6.684649586677551270e-01 7.374599575996398926e-01 6.534451246261596680e-01 6.678706407546997070e-01 7.354433536529541016e-01 7.828091382980346680e-01 7.303577065467834473e-01 6.847895383834838867e-01 7.269390821456909180e-01 7.524887323379516602e-01 6.736220717430114746e-01 7.081377506256103516e-01 5.757284760475158691e-01 6.902291774749755859e-01 7.403147816658020020e-01 6.504263281822204590e-01 6.705375909805297852e-01 6.740889549255371094e-01 7.398074269294738770e-01 7.177447676658630371e-01 6.860570311546325684e-01 6.982923150062561035e-01 7.182905673980712891e-01 7.242031693458557129e-01 7.004119157791137695e-01 6.658513545989990234e-01 7.560592889785766602e-01 7.375800609588623047e-01 8.455781936645507812e-01 8.092890977859497070e-01 8.133157491683959961e-01 7.417443990707397461e-01 7.176951169967651367e-01 7.655067443847656250e-01 7.716021537780761719e-01 6.861490607261657715e-01 6.656382083892822266e-01 7.125490307807922363e-01 7.279099225997924805e-01 5.764330625534057617e-01 7.288503646850585938e-01 6.874763965606689453e-01 6.568598151206970215e-01 6.227318048477172852e-01 6.701565980911254883e-01 7.225638628005981445e-01 7.249100208282470703e-01 7.105354070663452148e-01 5.898503065109252930e-01 6.148772835731506348e-01 7.132248878479003906e-01 6.785453557968139648e-01 7.568694353103637695e-01 7.971559762954711914e-01 7.003221511840820312e-01 7.543498873710632324e-01 7.742595672607421875e-01 7.459974884986877441e-01 6.792473196983337402e-01 7.006512880325317383e-01 6.984747648239135742e-01 7.481981515884399414e-01 7.673739194869995117e-01 7.420616149902343750e-01 6.973095536231994629e-01 7.390273809432983398e-01 7.562989592552185059e-01 7.516289353370666504e-01 7.534472346305847168e-01
6.754202842712402344e-01 7.856451272964477539e-01 6.553072929382324219e-01 1.000000000000000000e+00 6.444287300109863281e-01 7.309284210205078125e-01 8.031567335128784180e-01 6.346448659896850586e-01 7.675465941429138184e-01 7.560192942619323730e-01 6.782830953598022461e-01 7.105599641799926758e-01 7.056345939636230469e-01 7.261459827423095703e-01 5.488681793212890625e-01 7.096432447433471680e-01 6.562745571136474609e-01 6.991901397705078125e-01 6.901775002479553223e-01 6.634271144866943359e-01 7.067996263504028320e-01 7.179925441741943359e-01 7.286583185195922852e-01 6.920324563980102539e-01 7.373175024986267090e-01 6.367754936218261719e-01 6.717047691345214844e-01 7.816302180290222168e-01 7.293701171875000000e-01 7.224686145782470703e-01 7.224780321121215820e-01 7.501274347305297852e-01 7.312215566635131836e-01 7.518907785415649414e-01 7.301162481307983398e-01 7.314295768737792969e-01 7.422887682914733887e-01 7.289639115333557129e-01 7.387036085128784180e-01 6.802699565887451172e-01 7.253990173339843750e-01 7.121256589889526367e-01 7.442164421081542969e-01 7.025176882743835449e-01 7.174931764602661133e-01 6.996510028839111328e-01 7.307610511779785156e-01 7.266011834144592285e-01 7.819340825080871582e-01 7.522102594375610352e-01 7.059354186058044434e-01 6.995427012443542480e-01 7.673159241676330566e-01 7.112444639205932617e-01 6.788319349288940430e-01 6.685687303543090820e-01 7.561436891555786133e-01 7.392759919166564941e-01 6.720663309097290039e-01 6.888635158538818359e-01 7.177438735961914062e-01 7.613303065299987793e-01 7.338787317276000977e-01 7.365144491195678711e-01 7.332632541656494141e-01 7.880071401596069336e-01 7.034178972244262695e-01 6.543654799461364746e-01 7.054776549339294434e-01 7.469565868377685547e-01 7.643641233444213867e-01 6.538445949554443359e-01 6.869660615921020508e-01 7.597345113754272461e-01 7.939644455909729004e-01 7.448852062225341797e-01 7.519334554672241211e-01 7.266461849212646484e-01 6.884335279464721680e-01 7.200984954833984375e-01 7.102962732315063477e-01 7.276905179023742676e-01 6.301022768020629883e-01 6.937685608863830566e-01 6.983717679977416992e-01 6.993555426597595215e-01 6.764469146728515625e-01 7.295573949813842773e-01 6.520736217498779297e-01 6.566098928451538086e-01 6.790132522583007812e-01 6.447429060935974121e-01 6.168078184127807617e-01 6.532373428344726562e-01 6.803967952728271484e-01 6.881073713302612305e-01 7.259507179260253906e-01 7.173544168472290039e-01 7.394790649414062500e-01 7.330644130706787109e-01 7.658207416534423828e-01 7.158422470092773438e-01 6.960892677307128906e-01 7.170830368995666504e-01 7.545520663261413574e-01 7.116891741752624512e-01 7.092931866645812988e-01 7.273070812225341797e-01 7.399417757987976074e-01 7.386119365692138672e-01 7.375865578651428223e-01 7.496221065521240234e-01
6.669594049453735352e-01 7.009476423263549805e-01 7.092347741127014160e-01 6.444287300109863281e-01 1.000000000000000000e+00 7.501745223999023438e-01 7.305238246917724609e-01 7.348101735115051270e-01 7.170598506927490234e-01 7.006058692932128906e-01 6.609393358230590820e-01 7.187601923942565918e-01 7.614885568618774414e-01 7.437361478805541992e-01 5.741584897041320801e-01 7.225922346115112305e-01 7.277510166168212891e-01 7.429903745651245117e-01 6.727895736694335938e-01 6.491101980209350586e-01 6.463845372200012207e-01 6.339390277862548828e-01 6.215319633483886719e-01 6.704781055450439453e-01 6.829454898834228516e-01 5.963422656059265137e-01 7.081555128097534180e-01 6.901860833168029785e-01 7.172690629959106445e-01 7.037233114242553711e-01 7.180666923522949219e-01 7.111264467239379883e-01 6.797115206718444824e-01 6.769360303878784180e-01 7.102855443954467773e-01 6.959787607192993164e-01 7.055441141128540039e-01 6.353635787963867188e-01 6.478478908538818359e-01 6.100487709045410156e-01 6.473916769027709961e-01 7.020854949951171875e-01 6.838066577911376953e-01 6.279765367507934570e-01 6.547536253929138184e-01 6.374208927154541016e-01 6.155006885528564453e-01 6.565002202987670898e-01 6.907958984375000000e-01 6.609473228454589844e-01 6.050719618797302246e-01 6.407452821731567383e-01 6.615397930145263672e-01 6.268737316131591797e-01 6.203361749649047852e-01 5.545231103897094727e-01 6.301206350326538086e-01 6.411899924278259277e-01 5.878961086273193359e-01 6.173335313796997070e-01 6.065111160278320312e-01 6.694754362106323242e-01 6.493170857429504395e-01 6.210982799530029297e-01 6.402424573898315430e-01 6.581835746765136719e-01 6.375559568405151367e-01 5.872385501861572266e-01 5.779123306274414062e-01 6.838276386260986328e-01 6.571838855743408203e-01 6.581305265426635742e-01 6.843519806861877441e-01 7.464946508407592773e-01 6.601793766021728516e-01 6.483916640281677246e-01 6.885542273521423340e-01 6.859622597694396973e-01 6.247900724411010742e-01 6.084693670272827148e-01 6.475027799606323242e-01 6.845763921737670898e-01 5.993969440460205078e-01 6.246855854988098145e-01 6.042027473449707031e-01 6.240256428718566895e-01 5.884634256362915039e-01 6.247723102569580078e-01 7.844811677932739258e-01 9.461486339569091797e-01 7.355358600616455078e-01 6.278909444808959961e-01 6.818260550498962402e-01 9.523277878761291504e-01 7.631638050079345703e-01 8.929621577262878418e-01 7.617446184158325195e-01 6.635582447052001953e-01 6.682478189468383789e-01 6.842133402824401855e-01 6.744566559791564941e-01 6.294013261795043945e-01 6.173038482666015625e-01 6.178039312362670898e-01 6.818255782127380371e-01 6.429277658462524414e-01 6.278370022773742676e-01 6.810502409934997559e-01 6.686725616455078125e-01 6.874673366546630859e-01 6.748095750808715820e-01 6.688625812530517578e-01
7.169364690780639648e-01 7.660405039787292480e-01 7.450785636901855469e-01 7.309284210205078125e-01 7.501745223999023438e-01 1.000000357627868652e+00 8.216730356216430664e-01 7.114571332931518555e-01 8.036957979202270508e-01 7.587690353393554688e-01 7.354482412338256836e-01 7.738574743270874023e-01 8.385779857635498047e-01 7.768683433532714844e-01 5.817402601242065430e-01 7.593761682510375977e-01 8.050708174705505371e-01 8.039222955703735352e-01 7.481248378753662109e-01 7.131854295730590820e-01 7.287406921386718750e-01 7.266309261322021484e-01 7.264974117279052734e-01 7.630646228790283203e-01 7.664366364479064941e-01 6.390560269355773926e-01 7.237213850021362305e-01 7.682791352272033691e-01 7.858321666717529297e-01 7.833478450775146484e-01 7.942156791687011719e-01 7.841405272483825684e-01 7.551542520523071289e-01 7.926056981086730957e-01 7.942838072776794434e-01 7.496265172958374023e-01 7.735913395881652832e-01 7.631602287292480469e-01 7.435733079910278320e-01 7.197439670562744141e-01 7.350289821624755859e-01 7.391351461410522461e-01 7.822117805480957031e-01 7.131527066230773926e-01 7.796027660369873047e-01 7.038090825080871582e-01 7.497758269309997559e-01 7.690285444259643555e-01 7.805495262145996094e-01 7.590873241424560547e-01 7.048808336257934570e-01 7.324666976928710938e-01 7.682189941406250000e-01 7.159827947616577148e-01 7.117114663124084473e-01 6.472561359405517578e-01 7.476381063461303711e-01 7.529495954513549805e-01 6.791718602180480957e-01 7.079700231552124023e-01 7.326916456222534180e-01 7.699748277664184570e-01 7.525675296783447266e-01 7.106194496154785156e-01 7.443178892135620117e-01 7.563679814338684082e-01 7.482007741928100586e-01 6.752531528472900391e-01 7.159938216209411621e-01 7.880259752273559570e-01 7.394328117370605469e-01 7.113425731658935547e-01 7.167330980300903320e-01 7.359741926193237305e-01 7.618564367294311523e-01 7.350272536277770996e-01 7.359304428100585938e-01 7.712042927742004395e-01 6.992878913879394531e-01 7.118110656738281250e-01 7.351998090744018555e-01 7.538517117500305176e-01 6.639375090599060059e-01 6.641753315925598145e-01 6.526220440864562988e-01 6.926175951957702637e-01 6.781879663467407227e-01 6.802478432655334473e-01 7.138702869415283203e-01 7.316815853118896484e-01 7.779245376586914062e-01 6.750451922416687012e-01 7.043539285659790039e-01 7.516763210296630859e-01 7.459874749183654785e-01 7.923266887664794922e-01 7.877001762390136719e-01 7.947943806648254395e-01 7.833324074745178223e-01 8.122298717498779297e-01 7.823013067245483398e-01 6.904768347740173340e-01 7.355086803436279297e-01 7.435052394866943359e-01 7.614163160324096680e-01 7.484018802642822266e-01 7.395038604736328125e-01 7.649389505386352539e-01 7.523753046989440918e-01 7.765762805938720703e-01 7.713661193847656250e-01 7.473797202110290527e-01
7.746320962905883789e-01 8.620017766952514648e-01 7.542247772216796875e-01 8.031567335128784180e-01 7.305238246917724609e-01 8.216730356216430664e-01 9.999998211860656738e-01 7.421739101409912109e-01 8.796530961990356445e-01 8.180648088455200195e-01 7.715173363685607910e-01 8.370404243469238281e-01 8.188006281852722168e-01 7.999464273452758789e-01 5.976312160491943359e-01 7.867614030838012695e-01 7.981820106506347656e-01 8.218667507171630859e-01 8.253277540206909180e-01 7.255431413650512695e-01 7.619582414627075195e-01 7.616623044013977051e-01 7.768698334693908691e-01 8.148618936538696289e-01 8.250844478607177734e-01 6.996414661407470703e-01 7.677018642425537109e-01 8.643115758895874023e-01 8.240877389907836914e-01 8.505252599716186523e-01 8.170981407165527344e-01 8.518209457397460938e-01 8.244352340698242188e-01 8.233541846275329590e-01 8.002717494964599609e-01 8.076819181442260742e-01 7.707054615020751953e-01 7.897156476974487305e-01 7.893621921539306641e-01 7.409442663192749023e-01 7.742246985435485840e-01 8.073000907897949219e-01 8.451156616210937500e-01 7.775677442550659180e-01 7.896401286125183105e-01 7.355008125305175781e-01 7.946026325225830078e-01 8.004548549652099609e-01 8.727712631225585938e-01 8.634793758392333984e-01 7.638220787048339844e-01 7.946491241455078125e-01 8.176187872886657715e-01 8.027369976043701172e-01 7.591650485992431641e-01 7.144588828086853027e-01 8.238960504531860352e-01 7.989216446876525879e-01 7.680704593658447266e-01 7.610650062561035156e-01 7.746651172637939453e-01 8.475626707077026367e-01 8.179656267166137695e-01 8.165466785430908203e-01 7.997225522994995117e-01 8.577362298965454102e-01 7.935349941253662109e-01 7.160860896110534668e-01 7.455096840858459473e-01 8.374350666999816895e-01 8.398986458778381348e-01 7.800937294960021973e-01 7.901300191879272461e-01 8.461251258850097656e-01 8.191897869110107422e-01 8.417876362800598145e-01 8.446921110153198242e-01 7.967578172683715820e-01 7.557867169380187988e-01 7.737562060356140137e-01 8.267540931701660156e-01 8.381991982460021973e-01 6.587107181549072266e-01 7.694244384765625000e-01 7.534912824630737305e-01 7.411092519760131836e-01 7.031875848770141602e-01 7.419967055320739746e-01 7.348595857620239258e-01 7.292900085449218750e-01 7.960493564605712891e-01 7.221529483795166016e-01 7.133091092109680176e-01 7.558158040046691895e-01 7.578817009925842285e-01 7.837577462196350098e-01 7.858601808547973633e-01 8.388493061065673828e-01 8.239485621452331543e-01 8.524724245071411133e-01 8.288246393203735352e-01 7.442992925643920898e-01 7.672417163848876953e-01 8.062223196029663086e-01 8.468956947326660156e-01 7.874287366867065430e-01 7.768223881721496582e-01 7.813394069671630859e-01 8.201702833175659180e-01 8.194218277931213379e-01 8.320356011390686035e-01 7.940893769264221191e-01
7.506656646728515625e-01 7.136602401733398438e-01 8.038774728775024414e-01 6.346448659896850586e-01 7.348101735115051270e-01 7.114571332931518555e-01 7.421739101409912109e-01 1.000000238418579102e+00 7.338678836822509766e-01 7.142602205276489258e-01 6.889022588729858398e-01 7.036722898483276367e-01 7.270408272743225098e-01 7.091045975685119629e-01 5.205862522125244141e-01 7.065515518188476562e-01 7.213121652603149414e-01 7.391679883003234863e-01 7.017631530761718750e-01 6.973955035209655762e-01 7.234332561492919922e-01 6.634353399276733398e-01 6.778705120086669922e-01 6.698337793350219727e-01 6.888907551765441895e-01 5.996207594871520996e-01 8.405025005340576172e-01 7.232346534729003906e-01 8.111104369163513184e-01 7.984092235565185547e-01 8.192450404167175293e-01 7.453649640083312988e-01 7.106407880783081055e-01 7.650974392890930176e-01 6.737954020500183105e-01 6.689488291740417480e-01 6.821428537368774414e-01 6.792346239089965820e-01 6.981338262557983398e-01 6.976209282875061035e-01 7.041399478912353516e-01 6.508100032806396484e-01 7.297816276550292969e-01 6.564180850982666016e-01 7.144038081169128418e-01 6.846837997436523438e-01 6.747406125068664551e-01 6.947208642959594727e-01 6.993746757507324219e-01 7.134925723075866699e-01 6.587519645690917969e-01 6.807883977890014648e-01 6.813760399818420410e-01 6.570382118225097656e-01 7.097033262252807617e-01 5.668035745620727539e-01 6.613290309906005859e-01 6.751502156257629395e-01 6.445522308349609375e-01 6.511235237121582031e-01 6.361598968505859375e-01 6.815015077590942383e-01 6.856811642646789551e-01 6.423898935317993164e-01 6.684494018554687500e-01 6.873275041580200195e-01 6.558210849761962891e-01 6.111263036727905273e-01 6.233693957328796387e-01 7.072334289550781250e-01 6.643478870391845703e-01 6.950038671493530273e-01 6.606265306472778320e-01 6.983839273452758789e-01 6.770534515380859375e-01 6.692467927932739258e-01 7.003202438354492188e-01 7.038456201553344727e-01 6.528255939483642578e-01 6.526316404342651367e-01 6.824173331260681152e-01 7.207302451133728027e-01 5.707977414131164551e-01 6.320090889930725098e-01 6.282404661178588867e-01 6.185672283172607422e-01 6.097470521926879883e-01 6.290885210037231445e-01 6.730943918228149414e-01 7.122965455055236816e-01 6.657388210296630859e-01 6.133089065551757812e-01 6.208961606025695801e-01 7.148019075393676758e-01 6.909151077270507812e-01 7.387174367904663086e-01 7.510647773742675781e-01 7.340466976165771484e-01 7.275498509407043457e-01 7.462695837020874023e-01 6.937342286109924316e-01 6.635413169860839844e-01 6.559707522392272949e-01 7.029914855957031250e-01 7.241795063018798828e-01 7.284120321273803711e-01 6.802273988723754883e-01 6.636126041412353516e-01 6.769346594810485840e-01 6.987310647964477539e-01 7.070625424385070801e-01 6.875559687614440918e-01
8.497867584228515625e-01 8.627214431762695312e-01 8.293861150741577148e-01 7.675465941429138184e-01 7.170598506927490234e-01 8.036957979202270508e-01 8.796530961990356445e-01 7.338678836822509766e-01 1.000000238418579102e+00 7.990635037422180176e-01 7.362062931060791016e-01 8.348538279533386230e-01 7.867288589477539062e-01 8.027813434600830078e-01 5.902963876724243164e-01 7.511453628540039062e-01 7.545949220657348633e-01 8.145146369934082031e-01 7.325179576873779297e-01 7.116565108299255371e-01 7.610079646110534668e-01 7.439870834350585938e-01 7.349884510040283203e-01 8.222219347953796387e-01 7.909192442893981934e-01 6.487193107604980469e-01 7.581278681755065918e-01 8.733379840850830078e-01 8.560785651206970215e-01 8.655002713203430176e-01 8.160953521728515625e-01 8.287840485572814941e-01 8.037798404693603516e-01 8.321169614791870117e-01 8.007134199142456055e-01 7.813428640365600586e-01 7.666051983833312988e-01 7.572276592254638672e-01 7.825719118118286133e-01 7.137601375579833984e-01 7.542775869369506836e-01 7.540446519851684570e-01 8.280894756317138672e-01 7.102586030960083008e-01 7.986285090446472168e-01 7.081670165061950684e-01 7.443203330039978027e-01 7.978652715682983398e-01 8.623594641685485840e-01 8.148369789123535156e-01 7.481765747070312500e-01 7.883120775222778320e-01 7.996486425399780273e-01 7.688728570938110352e-01 7.143970727920532227e-01 6.845515966415405273e-01 7.853940725326538086e-01 7.891364097595214844e-01 7.514386177062988281e-01 7.378064393997192383e-01 7.529551982879638672e-01 8.141948580741882324e-01 7.979004383087158203e-01 7.756603360176086426e-01 7.887799739837646484e-01 8.081681728363037109e-01 7.840733528137207031e-01 7.286555767059326172e-01 7.190811634063720703e-01 8.375471830368041992e-01 8.078049421310424805e-01 8.329843282699584961e-01 8.617843389511108398e-01 8.681275248527526855e-01 8.131408691406250000e-01 8.195320367813110352e-01 8.317817449569702148e-01 7.846152782440185547e-01 7.221754193305969238e-01 7.323466539382934570e-01 7.913246750831604004e-01 7.719243764877319336e-01 6.238654851913452148e-01 7.495635747909545898e-01 7.470763921737670898e-01 7.214869856834411621e-01 6.690344810485839844e-01 7.323140501976013184e-01 7.269202470779418945e-01 7.272372245788574219e-01 7.679271101951599121e-01 6.772458553314208984e-01 6.789255142211914062e-01 7.231910228729248047e-01 7.047436237335205078e-01 7.654860019683837891e-01 7.905052900314331055e-01 7.857365608215332031e-01 7.940810322761535645e-01 8.260454535484313965e-01 8.091998100280761719e-01 7.315104007720947266e-01 7.609922885894775391e-01 7.759370803833007812e-01 8.057270050048828125e-01 7.785723805427551270e-01 7.753658890724182129e-01 7.489491105079650879e-01 7.966657876968383789e-01 7.929342389106750488e-01 7.990446090698242188e-01 7.872052192687988281e-01
7.894756197929382324e-01 8.332232832908630371e-01 7.408654689788818359e-01 7.560192942619323730e-01 7.006058692932128906e-01 7.587690353393554688e-01 8.180648088455200195e-01 7.142602205276489258e-01 7.990635037422180176e-01 1.000000238418579102e+00 7.845073342323303223e-01 8.410524129867553711e-01 7.875238656997680664e-01 7.722683548927307129e-01 6.315726041793823242e-01 7.975456714630126953e-01 7.501647472381591797e-01 8.474190235137939453e-01 7.647804021835327148e-01 7.145355939865112305e-01 7.549068331718444824e-01 7.660626173019409180e-01 7.540128827095031738e-01 7.511169910430908203e-01 7.804445028305053711e-01 7.031878829002380371e-01 7.588498592376708984e-01 8.302243947982788086e-01 7.716794013977050781e-01 7.995654940605163574e-01 7.948918938636779785e-01 8.625259995460510254e-01 8.589228391647338867e-01 8.597778081893920898e-01 8.384568691253662109e-01 7.889909744262695312e-01 8.425695896148681641e-01 7.739832401275634766e-01 8.053475618362426758e-01 7.664442062377929688e-01 8.002470731735229492e-01 7.795442938804626465e-01 8.643162250518798828e-01 7.185212969779968262e-01 8.053944110870361328e-01 6.870386004447937012e-01 7.435099482536315918e-01 8.183321356773376465e-01 8.300169706344604492e-01 8.593961000442504883e-01 7.963920235633850098e-01 8.038937449455261230e-01 7.885559797286987305e-01 7.637330293655395508e-01 7.754722237586975098e-01 7.062202692031860352e-01 7.966103553771972656e-01 8.169877529144287109e-01 7.363990545272827148e-01 8.129444122314453125e-01 8.104461431503295898e-01 8.044725060462951660e-01 8.378319740295410156e-01 7.678832411766052246e-01 7.996263504028320312e-01 8.240933418273925781e-01 8.055747747421264648e-01 7.384949922561645508e-01 7.185760736465454102e-01 7.787191867828369141e-01 7.926413416862487793e-01 7.263748645782470703e-01 7.505061626434326172e-01 7.764487266540527344e-01 8.281234502792358398e-01 7.707130908966064453e-01 7.980648279190063477e-01 8.252678513526916504e-01 7.174940705299377441e-01 7.702077031135559082e-01 7.697855830192565918e-01 8.201875090599060059e-01 6.382610797882080078e-01 7.642207145690917969e-01 7.615911364555358887e-01 7.172987461090087891e-01 6.830504536628723145e-01 7.605944871902465820e-01 7.097612023353576660e-01 7.345249652862548828e-01 7.356628179550170898e-01 6.770440340042114258e-01 6.945060491561889648e-01 7.340589165687561035e-01 7.735670804977416992e-01 7.610460519790649414e-01 7.911497950553894043e-01 7.645574808120727539e-01 8.058474063873291016e-01 7.963603734970092773e-01 8.063219785690307617e-01 6.883677244186401367e-01 8.327183723449707031e-01 7.312242984771728516e-01 8.592487573623657227e-01 8.156874179840087891e-01 8.057329058647155762e-01 8.088188171386718750e-01 8.441658020019531250e-01 8.424781560897827148e-01 8.531249761581420898e-01 8.322650194168090820e-01
7.563688158988952637e-01 7.443777322769165039e-01 7.084444761276245117e-01 6.782830953598022461e-01 6.609393358230590820e-01 7.354482412338256836e-01 7.715173363685607910e-01 6.889022588729858398e-01 7.362062931060791016e-01 7.845073342323303223e-01 9.999999403953552246e-01 7.777149677276611328e-01 7.466964125633239746e-01 6.883488893508911133e-01 5.772559642791748047e-01 7.336696386337280273e-01 7.573515176773071289e-01 8.064537048339843750e-01 7.234688997268676758e-01 7.103341817855834961e-01 7.266296148300170898e-01 6.955714225769042969e-01 7.052344083786010742e-01 7.600308656692504883e-01 7.557207345962524414e-01 7.182396650314331055e-01 7.806845903396606445e-01 7.611615657806396484e-01 7.700260877609252930e-01 7.964866161346435547e-01 7.950584888458251953e-01 7.881096005439758301e-01 7.857298851013183594e-01 8.297817111015319824e-01 7.698410749435424805e-01 7.326726913452148438e-01 7.590857744216918945e-01 8.708079457283020020e-01 8.836410641670227051e-01 8.505181670188903809e-01 8.487569689750671387e-01 7.414203882217407227e-01 8.062309026718139648e-01 6.946177482604980469e-01 7.794597148895263672e-01 6.944444775581359863e-01 8.289574384689331055e-01 8.979725837707519531e-01 7.321570515632629395e-01 7.751618027687072754e-01 7.285015583038330078e-01 7.162699699401855469e-01 7.061499953269958496e-01 6.825872659683227539e-01 7.574914693832397461e-01 6.362135410308837891e-01 7.153258323669433594e-01 7.217896580696105957e-01 6.433346271514892578e-01 7.184398174285888672e-01 7.123260498046875000e-01 7.198047637939453125e-01 7.571041584014892578e-01 6.746663451194763184e-01 7.311317920684814453e-01 7.413042783737182617e-01 7.228375673294067383e-01 6.786280870437622070e-01 6.601098775863647461e-01 7.090721726417541504e-01 7.243833541870117188e-01 6.458804607391357422e-01 6.989966630935668945e-01 7.266147732734680176e-01 7.448638677597045898e-01 7.170350551605224609e-01 7.286611199378967285e-01 7.729951143264770508e-01 6.731733083724975586e-01 6.864802837371826172e-01 7.221045494079589844e-01 7.614041566848754883e-01 6.766784191131591797e-01 6.318747997283935547e-01 6.298294663429260254e-01 6.902184486389160156e-01 6.491990089416503906e-01 6.714887022972106934e-01 7.224559783935546875e-01 6.821199655532836914e-01 7.233446836471557617e-01 6.452528834342956543e-01 6.472563743591308594e-01 7.010735869407653809e-01 7.349102497100830078e-01 7.550008296966552734e-01 7.896980047225952148e-01 7.446967959403991699e-01 7.731406688690185547e-01 7.923353910446166992e-01 7.598401308059692383e-01 6.810675263404846191e-01 7.403987646102905273e-01 6.784861683845520020e-01 8.128054141998291016e-01 7.578412294387817383e-01 7.469589114189147949e-01 7.426185607910156250e-01 7.537882328033447266e-01 7.638127803802490234e-01 7.981667518615722656e-01 7.323017120361328125e-01
8.102344274520874023e-01 8.257598876953125000e-01 7.502279281616210938e-01 7.105599641799926758e-01 7.187601923942565918e-01 7.738574743270874023e-01 8.370404243469238281e-01 7.036722898483276367e-01 8.348538279533386230e-01 8.410524129867553711e-01 7.777149677276611328e-01 1.000000238418579102e+00 8.092453479766845703e-01 7.599795460700988770e-01 6.117173433303833008e-01 8.245573043823242188e-01 7.918428182601928711e-01 8.812999725341796875e-01 8.013728857040405273e-01 7.310530543327331543e-01 7.692623138427734375e-01 7.559453248977661133e-01 7.619392871856689453e-01 8.278236389160156250e-01 8.279529213905334473e-01 7.520745992660522461e-01 7.825616598129272461e-01 8.385094404220581055e-01 8.035117387771606445e-01 8.450413942337036133e-01 8.206641077995300293e-01 8.561607003211975098e-01 8.766781091690063477e-01 8.721120357513427734e-01 8.395166397094726562e-01 7.853105664253234863e-01 8.425943255424499512e-01 7.958019971847534180e-01 8.136974573135375977e-01 7.875230312347412109e-01 8.180307149887084961e-01 8.396582603454589844e-01 8.692948222160339355e-01 7.327395081520080566e-01 8.078458309173583984e-01 7.024618387222290039e-01 7.553357481956481934e-01 8.345031142234802246e-01 8.179783225059509277e-01 8.639951348304748535e-01 7.935901284217834473e-01 8.076039552688598633e-01 7.879961729049682617e-01 8.025578856468200684e-01 7.893676757812500000e-01 7.328650951385498047e-01 8.167568445205688477e-01 8.170851469039916992e-01 7.601358890533447266e-01 8.280256986618041992e-01 8.172489404678344727e-01 8.233841657638549805e-01 8.490100502967834473e-01 7.575929164886474609e-01 8.317376375198364258e-01 7.888351678848266602e-01 8.220078945159912109e-01 7.733287215232849121e-01 7.267816066741943359e-01 7.827790975570678711e-01 7.922866344451904297e-01 7.117747068405151367e-01 7.916167974472045898e-01 8.275575637817382812e-01 8.018879294395446777e-01 8.053846359252929688e-01 8.082016706466674805e-01 8.171523809432983398e-01 7.559039592742919922e-01 7.763241529464721680e-01 7.920824289321899414e-01 8.280179500579833984e-01 6.306900382041931152e-01 7.364784479141235352e-01 7.158066034317016602e-01 7.208771705627441406e-01 6.795376539230346680e-01 7.300880551338195801e-01 7.297794222831726074e-01 7.436683177947998047e-01 7.356023788452148438e-01 7.258610725402832031e-01 7.212328314781188965e-01 7.663838863372802734e-01 7.341709136962890625e-01 7.841304540634155273e-01 8.056648373603820801e-01 7.722611427307128906e-01 8.092164993286132812e-01 8.199611902236938477e-01 8.005386590957641602e-01 7.275266647338867188e-01 8.405734300613403320e-01 7.704306244850158691e-01 8.705598115921020508e-01 8.230689764022827148e-01 8.387600183486938477e-01 8.142609596252441406e-01 8.144708871841430664e-01 8.301817774772644043e-01 8.258032798767089844e-01 8.018524646759033203e-01
7.353887557983398438e-01 7.618600130081176758e-01 7.180342674255371094e-01 7.056345939636230469e-01 7.614885568618774414e-01 8.385779857635498047e-01 8.188006281852722168e-01 7.270408272743225098e-01 7.867288589477539062e-01 7.875238656997680664e-01 7.466964125633239746e-01 8.092453479766845703e-01 1.000000119209289551e+00 8.881179094314575195e-01 6.486859321594238281e-01 9.056799411773681641e-01 9.177007675170898438e-01 8.858572840690612793e-01 8.646654486656188965e-01 7.458127737045288086e-01 7.722288370132446289e-01 7.595781087875366211e-01 7.569649219512939453e-01 7.843430042266845703e-01 7.765864133834838867e-01 6.943479776382446289e-01 7.923821210861206055e-01 8.049322366714477539e-01 8.105757236480712891e-01 8.414890766143798828e-01 8.454287052154541016e-01 8.291940689086914062e-01 8.046162128448486328e-01 8.184741735458374023e-01 8.423955440521240234e-01 8.168884515762329102e-01 8.084932565689086914e-01 7.957248091697692871e-01 7.719940543174743652e-01 7.799131274223327637e-01 7.621471285820007324e-01 8.625862598419189453e-01 8.268079161643981934e-01 7.689170837402343750e-01 8.355350494384765625e-01 7.299596667289733887e-01 7.908508777618408203e-01 7.744210958480834961e-01 8.035981059074401855e-01 8.395538330078125000e-01 7.916023731231689453e-01 8.173129558563232422e-01 7.768778800964355469e-01 7.678030133247375488e-01 7.879580259323120117e-01 7.192149162292480469e-01 7.923902273178100586e-01 7.846294045448303223e-01 7.374610900878906250e-01 7.738170623779296875e-01 7.829962968826293945e-01 8.012850284576416016e-01 8.053785562515258789e-01 7.585227489471435547e-01 8.067796230316162109e-01 7.975937128067016602e-01 7.543109655380249023e-01 6.867564916610717773e-01 7.485798597335815430e-01 7.887628078460693359e-01 7.623866796493530273e-01 6.986036300659179688e-01 7.516331672668457031e-01 7.803093194961547852e-01 7.798945903778076172e-01 7.876246571540832520e-01 7.834898233413696289e-01 7.574826478958129883e-01 7.402999401092529297e-01 7.841417789459228516e-01 8.016276359558105469e-01 8.238971233367919922e-01 7.225277423858642578e-01 7.074227333068847656e-01 7.033869624137878418e-01 7.136213779449462891e-01 6.815165281295776367e-01 7.007921934127807617e-01 7.455272674560546875e-01 7.817775607109069824e-01 8.221929073333740234e-01 8.369152545928955078e-01 8.466185331344604492e-01 8.065147399902343750e-01 8.230861425399780273e-01 8.245730400085449219e-01 7.987573146820068359e-01 8.621463179588317871e-01 8.150995969772338867e-01 8.692480325698852539e-01 8.061285614967346191e-01 7.471355199813842773e-01 7.738995552062988281e-01 7.566233277320861816e-01 8.208257555961608887e-01 8.108251690864562988e-01 8.035668134689331055e-01 7.920293807983398438e-01 7.865015268325805664e-01 7.828643918037414551e-01 7.820277810096740723e-01 7.725671529769897461e-01
7.253011465072631836e-01 7.728208303451538086e-01 7.090200185775756836e-01 7.261459827423095703e-01 7.437361478805541992e-01 7.768683433532714844e-01 7.999464273452758789e-01 7.091045975685119629e-01 8.027813434600830078e-01 7.722683548927307129e-01 6.883488893508911133e-01 7.599795460700988770e-01 8.881179094314575195e-01 1.000000000000000000e+00 6.801917552947998047e-01 8.761292695999145508e-01 8.441212177276611328e-01 8.341585397720336914e-01 8.170994520187377930e-01 7.678680419921875000e-01 7.706298828125000000e-01 8.119119405746459961e-01 7.854006290435791016e-01 7.675483822822570801e-01 7.504591941833496094e-01 6.626138687133789062e-01 7.555425167083740234e-01 8.061808347702026367e-01 8.028888702392578125e-01 7.937350869178771973e-01 7.812423706054687500e-01 7.895079851150512695e-01 7.765513658523559570e-01 7.814141511917114258e-01 8.017965555191040039e-01 7.923650741577148438e-01 7.861188054084777832e-01 7.370106577873229980e-01 7.352205514907836914e-01 7.188569903373718262e-01 7.316356897354125977e-01 8.385473489761352539e-01 8.137396574020385742e-01 7.847883105278015137e-01 7.876120805740356445e-01 7.040698528289794922e-01 7.825135588645935059e-01 7.379823923110961914e-01 7.915519475936889648e-01 8.155442476272583008e-01 7.424855232238769531e-01 7.629834413528442383e-01 7.661743760108947754e-01 7.587668895721435547e-01 7.569345831871032715e-01 7.245800495147705078e-01 7.980567812919616699e-01 7.651261687278747559e-01 7.358645200729370117e-01 7.440588474273681641e-01 7.638874053955078125e-01 7.819840908050537109e-01 7.820105552673339844e-01 7.806087732315063477e-01 8.011322021484375000e-01 7.722967863082885742e-01 6.954518556594848633e-01 6.388226747512817383e-01 7.170315980911254883e-01 7.343692779541015625e-01 7.649663686752319336e-01 7.436212301254272461e-01 7.371888160705566406e-01 7.702381014823913574e-01 7.840495109558105469e-01 8.010952472686767578e-01 7.845380306243896484e-01 7.226741313934326172e-01 7.464277744293212891e-01 7.988961935043334961e-01 8.195025324821472168e-01 8.114402294158935547e-01 7.237894535064697266e-01 7.599478960037231445e-01 7.647620439529418945e-01 7.728185057640075684e-01 7.123761177062988281e-01 7.884176969528198242e-01 7.482645511627197266e-01 7.761129140853881836e-01 8.010268807411193848e-01 8.270167112350463867e-01 8.299261331558227539e-01 7.835505008697509766e-01 8.153827190399169922e-01 8.112332820892333984e-01 7.684010863304138184e-01 7.972497940063476562e-01 8.227602243423461914e-01 7.869815826416015625e-01 8.072048425674438477e-01 7.244925498962402344e-01 7.466150522232055664e-01 7.157849073410034180e-01 8.017984628677368164e-01 7.980122566223144531e-01 7.845048904418945312e-01 7.933185100555419922e-01 7.746323347091674805e-01 7.695882320404052734e-01 7.531319260597229004e-01 7.673267722129821777e-01
